66868 37740 91447 89124 23467 79377 72841 81952 64665 43803
34170 81122 18139 04550 00971 98771 59442 83148 01357 97552
35926 91110 70681 46278 06043 48236 52272 91996 36238 64813
97645 29552 47028 26065 70849 91233 79896 49092 31023 23824
31597 82580 68008 01987 56147 46408 10248 65751 32175 19509
77960 60326 29766 17472 98339 00728 49750 67494 61429 50527
71149 24162 69123 53242 64129 08726 47392 00306 10317 98102
62320 71092 17568 98787 19456 72831 54014 36206 68157 78746
04004 52689 79150 29684 11288 55326 71311 01870 52366 96448
31945 79115 74397 02413 38793 05423 98906 07264 94986 36147
95087 57292 83864 85073 74713 54986 60842 21516 36603 84646
83197 46557 70332 00630 65518 02652 66353 78087 84832 13136
78313 30813 62738 55802 27623 64420 52932 38264 03387 43150
10580 74197 83437 05223 20960 71541 00451 59214 52373 08371
83943 32430 57064 78696 11146 62834 37434 44770 58785 69447
80429 92803 74229 33479 88503 71114 98608 19590 42702 37266
76161 81762 01123 73971 32881 84903 64713 34735 97469 39663
36925 31108 36075 96320 48400 90878 76736 83475 93575 55177
15692 83222 40409 31300 25247 45769 58994 62605 87927 32166
39519 74511 89233 11308 18269 63671 60893 66642 38531 23522
15931 99869 11010 14791 47164 27504 34886 60227 07877 73536
55962 86316 06578 35594 34686 99893 71367 47843 12209 13411
31780 85356 66675 78141 16919 33928 98215 17729 92416 24967
17107 94767 14485 87306 29543 70328 58534 64786 74632 24687
97783 27128 00738 51236 91835 29421 75723 68433 30485 74368
97981 33212 78260 44881 98406 63535 25663 46016 73021 11128
31096 89355 70628 42978 19787 30192 44845 96989 36693 67133
95587 07135 44977 10374 73256 42235 59518 17084 40072 53210
01867 70031 30840 00996 76748 55286 75175 37461 27546 41464
69301 49722 45419 61036 28952 07248 32359 14324 30593 43803
27890 04121 87691 43046 98886 75777 34767 26790 37467 04223
95468 07155 70073 56158 94406 26504 94214 10373 57373 24422
88882 67640 47431 92017 81667 97727 82001 76627 01349 16347
94391 38737 62323 62325 61450 56506 81004 08829 98180 26776
44379 40628 21502 96551 24144 64134 13603 69853 54900 75026
28629 45111 72109 97473 89884 08987 44999 09336 68731 16807
20067 01784 48729 49592 35785 86676 28660 07717 05528 14251
01293 74821 52610 41314 91905 11796 89254 21433 08048 04285
51118 50729 13766 33171 34462 48525 24641 63825 36251 05094
45512 97552 62327 43856 94797 56640 05619 02164 65656 76434
66129 40246 44449 43949 73388 57895 64139 96417 52365 85797
69994 48753 10255 16842 32585 34617 80153 49202 65778 25242
07822 28256 64847 88004 52109 73531 40140 69540 39351 52806
86056 60995 67896 77350 02648 96781 36567 25491 65281 20536
05183 88637 90144 28628 39571 38669 53545 02548 67998 49701
13646 47825 05356 72160 29274 42286 76501 79217 30651 38249
68273 80643 06544 45698 37682 08529 80522 14550 60865 19256
58691 72909 33621 28961 07564 67200 15385 61088 57989 37872
16090 10034 40190 27887 21772 10131 24623 54982 69344 19161
07886 37000 95636 09282 37062 59094 49156 14368 70439 31487
31023 07787 77240 02173 68301 11136 42599 92876 61607 12561
76450 56984 72108 08786 52229 07381 89647 40786 29363 67247
57988 50143 71406 43304 31271 17592 92744 78443 72969 23837
56283 07803 61468 29849 10718 21841 25123 32257 05292 73948
61308 29756 52761 94679 06200 60550 37018 83278 47687 31053
14917 41805 64770 85388 52842 25762 96877 51289 92385 79824
01686 61566 75267 11907 78398 66790 04032 22124 05895 35355
75912 13678 71638 21403 25534 43563 41993 04517 82239 52006
80352 53469 91477 44610 17987 40221 14100 48696 23236 61818
52140 89617 28814 26133 15092 83207 38400 36763 92573 98099
05231 85644 16676 07745 96709 10107 27239 27459 10199 00348
25662 03136 65185 08859 49231 78149 50536 28268 22289 25678
97251 84122 90942 23105 31814 77540 78518 02438 79801 65962
67278 07008 40196 90333 57603 22450 14947 63702 12609 26123
35146 04839 89109 18898 89401 34823 06056 38795 86400 43679
46226 36791 67338 31133 26894 50186 45445 52553 06694 79821
09946 23790 18899 00010 20166 30438 97439 04299 53038 98300
09220 43654 96710 41596 54483 46032 16833 87379 75462 36947
04111 09245 10421 40961 54612 54463 90698 41459 55286 27375
39338 03209 99332 27002 98493 76452 18490 56546 42486 40872
55099 18591 43422 22027 31691 10447 96642 36411 30261 53817
23272 91861 40225 67428 91335 95354 35279 77771 94287 81952
71977 03575 14423 63958 40797 15718 12681 83517 76885 99431
84547 40244 57416 21815 02543 68398 38509 99612 90677 50145
37738 40293 36764 79507 29903 31194 20837 06616 77841 79758
89117 25179 94415 72260 44772 81031 65668 98562 95900 55849
67946 10290 03970 64848 60166 78042 54690 32927 80466 87244
16042 42036 76282 74476 43427 34169 05178 66973 92513 35958
55636 10431 59885 44392 39028 13525 86759 22414 62524 78114
32897 54192 55041 84977 55924 45717 49484 12863 89353 16718
17449 00092 32718 20416 79263 35551 27871 74662 35487 13216
02538 57240 95066 47551 36516 69713 61512 50083 32459 34472
76790 13215 56667 49425 80542 53995 01618 83839 73333 24797
94170 66505 85577 83578 13188 22632 26975 20852 51374 55816
96203 24976 96674 78933 69674 96192 70409 75567 92873 33597
93525 27498 80273 49966 63141 92440 44658 21090 11621 69488
74295 07760 19919 32989 80704 39253 10615 52807 49593 43419
86891 58613 33845 73732 41624 68864 84410 73782 33676 92555
27700 39427 38627 77061 50121 52593 20247 96170 11787 62966
86753 65660 24037 51861 16753 73616 54560 77543 12746 